0 Untitled Model
0 Name:  RacingTools
0 Author:  
0 CustomBrick
0 NumOfBricks:  9
1 83 -90.000000 -4.000010 80.000000 1.000000 0.000000 0.000000 0.000000 0.000000 1.000000 0.000000 -1.000000 0.000000 604553.dat
1 83 -40.000000 -4.000000 70.000000 1.000000 0.000000 0.000000 0.000000 0.000000 1.000000 0.000000 -1.000000 0.000000 604614.dat
1 83 -10.000000 -3.999990 80.000010 1.000000 0.000000 0.000000 0.000000 0.000000 1.000000 0.000000 -1.000000 0.000000 604552.dat
1 256 40.000000 -6.250010 90.000000 0.000000 -0.113197 -0.993573 1.000000 0.000000 0.000000 0.000000 -0.993573 0.113197 604549.dat
1 256 110.000000 -12.575500 100.000000 1.000000 0.000000 0.000000 0.000000 1.000000 0.000000 0.000000 0.000000 1.000000 604548.dat
1 83 26.500000 -4.000000 47.500000 0.000000 -1.000000 0.000000 1.000000 0.000000 0.000000 0.000000 0.000000 1.000000 4006.dat
1 1 -65.000000 0.000000 -50.000000 1.000000 0.000000 0.000000 0.000000 1.000000 0.000000 0.000000 0.000000 1.000000 4629.dat
1 1 -90.000000 -10.500000 -50.000000 0.996195 0.087156 0.000000 -0.087156 0.996195 0.000000 0.000000 0.000000 1.000000 4627.dat
1 65 -100.000000 -15.500000 -50.000000 0.939693 0.342020 0.000000 -0.342020 0.939693 0.000000 0.000000 0.000000 1.000000 4628.dat
